              precision    recall  f1-score   support

         B-R       1.00      1.00      1.00     84000
         F-B       0.93      0.90      0.92     84000
         H-H       1.00      1.00      1.00     84000
         K-A       0.90      0.91      0.91     84000
         R-M       1.00      1.00      1.00     84000
         R-U       0.95      0.97      0.96     84000
         S-W       1.00      1.00      1.00     84000
         V-U       0.97      0.97      0.97     84000

    accuracy                           0.97    672000
   macro avg       0.97      0.97      0.97    672000
weighted avg       0.97      0.97      0.97    672000
